### Esercizio 4 ### 

# Results dimension
input folder size: 944.29kB


Float (Humidity and temperature) --> 939.03kB
Int (Humidity and temperature)  -->  938.98 kB


### Esercizio 5 ### 

1.0856701100001374
1.070530721999603
1.0650081479998335
1.0698103330005324
1.06852429600076
600000 533
700000 0
800000 0
900000 0
1000000 0
1100000 0
1200000 0
1300000 0
1400000 0
1500000 56


1.0710829250001552
1.0645253520006008
1.0661147959999653
1.0665249069998026
1.0698713699994187
600000 535
700000 0
800000 0
900000 0
1000000 0
1100000 0
1200000 0
1300000 0
1400000 0
1500000 53


1.0770717030000014
1.0650999250001405
1.0649737220001043
1.0654220730002635
1.0648876109999037
600000 535
700000 0
800000 0
900000 0
1000000 0
1100000 0
1200000 0
1300000 0
1400000 0
1500000 53


1.0765982220000296
1.0638030370000706
1.0657806849994813
1.069355295000605
1.067633998999554
600000 538
700000 0
800000 0
900000 0
1000000 0
1100000 0
1200000 0
1300000 0
1400000 0
1500000 54


1.0780428690004555
1.0653506110002127
1.066590702999747
1.0706243880003967
1.0651759620004668
600000 534
700000 0
800000 0
900000 0
1000000 0
1100000 0
1200000 0
1300000 0
1400000 0
1500000 54
